0 0.3738252044905899 0.8499314193268543 0.05703080444684026 0.05861595995357616
0 0.2824196685963391 0.8499314193268543 0.04140592651619909 0.0656498751480053
0 0.3589815704564808 0.582642641938547 0.050780853274583794 0.056271321555433115
0 0.5437457519863126 0.5152342879919345 0.03906219482660292 0.06213291755079073
0 0.6578073608799931 0.4519290512420722 0.04531214599885938 0.057443640754504637
0 0.7605409332739588 0.36576359011031523 0.028906024171686157 0.056271321555433115
0 0.8687432129436489 0.35638503651774306 0.049999609378051736 0.04220349116657483
0 0.9757736267685408 0.6395001230935159 0.04374965820579527 0.07385610954150597
0 0.48163686221201396 0.35462655771913576 0.04609338989539144 0.050409725560075495
0 0.3425754486293076 0.47009999882768083 0.05546831665377614 0.056271321555433115
0 0.03203099975781439 0.467169200830002 0.05312458496417997 0.052754363958218545
0 0.3132788025093554 0.33821408893213445 0.057812048343372315 0.050409725560075495
0 0.43437160647182443 0.10140561071968676 0.04843712158498762 0.050409725560075495
0 0.2046859008913993 0.12719663309926027 0.04218717041273115 0.06447755594893377
0 0.16640494996132843 0.08851009952990001 0.031249755861282334 0.06682219434707683
