0 0.055625 0.836773 0.106250 0.187617
0 0.379375 0.888368 0.138750 0.118199
0 0.603750 0.683865 0.115000 0.140713
0 0.639375 0.626642 0.183750 0.150094
0 0.441250 0.767355 0.125000 0.131332
0 0.824375 0.689493 0.071250 0.125704
0 0.882500 0.323640 0.105000 0.163227
0 0.814375 0.500000 0.058750 0.166979
0 0.745000 0.490619 0.107500 0.073171
0 0.673750 0.424953 0.102500 0.088180
0 0.539375 0.414634 0.078750 0.146341
0 0.098750 0.469981 0.072500 0.170732
0 0.253750 0.336773 0.100000 0.091932
0 0.305000 0.157598 0.122500 0.116323
0 0.600625 0.108818 0.103750 0.150094
0 0.580625 0.303002 0.108750 0.088180
0 0.602500 0.387430 0.097500 0.091932
0 0.461250 0.472795 0.062500 0.153846
0 0.426250 0.679174 0.125000 0.135084
0 0.222500 0.729831 0.087500 0.210131
0 0.298750 0.622889 0.082500 0.093809
0 0.297500 0.744841 0.072500 0.153846
0 0.256875 0.518762 0.121250 0.133208
0 0.356875 0.482176 0.061250 0.146341
0 0.413125 0.356473 0.073750 0.123827
0 0.481250 0.285178 0.070000 0.146341
0 0.401875 0.185741 0.118750 0.120075
