0 0.4168697891276359 0.3330143899739217 0.2487468906638667 0.27954447383726383
0 0.6112423594705066 0.2711018554998968 0.15249809377382784 0.25327855012101086
0 0.5693678829014638 0.4671582146676423 0.25374682816464794 0.18761374083037843
0 0.5931175860301746 0.6857282227350331 0.29374632817089785 0.2945535731036941
0 0.6168672891588856 0.6163111386277931 0.15374807814902314 0.18573760342207463
0 0.31249609379882753 0.8395714902159435 0.18999762502968714 0.2570308249376184
0 0.1168735390807615 0.678223673101818 0.23124710941113236 0.3658467946192379
0 0.1168735390807615 0.49999061931295846 0.20374745315683554 0.3283240464531622
0 0.05499931250859364 0.3208194968199471 0.10749865626679667 0.2739160616123525
0 0.2018724765940426 0.825500459653665 0.10874864064199198 0.27016378679574493
