1 0.18087927948191676 0.42311971100361245 0.05623190035707257 0.06374920313496081
1 0.17150729608907134 0.3918701016237297 0.05810629703564165 0.05124935938300771
1 0.31396144366032186 0.35812052349345636 0.03373914021424354 0.056249296883788956
1 0.38143972408880894 0.24124698441269485 0.05623190035707257 0.0624992187597655
1 0.6073045238563838 0.7037412032349596 0.06935267710705617 0.07249909376132799
1 0.5252996691689862 0.536243296958788 0.03655073523209717 0.09249884376445294
1 0.49437212397259633 0.5143685703928701 0.04029952858923534 0.09874876564042949
1 0.7938069933740077 0.4406194922563468 0.035613536892812624 0.08374895313808578
1 0.9367297401149005 0.4012449844376945 0.03655073523209717 0.052499343758203025
1 0.7797490182847396 0.23187210159873 0.04311112360708897 0.0862489218884764
1 0.7089905436687566 0.1931225859676754 0.03655073523209717 0.05874926563417957
1 0.519676479133279 0.11874851564355446 0.05342030533921894 0.029999625004687443
