1 0.489268240419985 0.9182246866188005 0.3071318881468519 0.163503234520509
1 0.21070676047284026 0.9016374019572996 0.28570408199707154 0.19667780384351083
1 0.3285596942966323 0.7511670339565414 0.4214135209456805 0.3033103480960167
1 0.6267633298810757 0.7950048577047938 0.20356415842291348 0.20615625222151135
1 0.5160529981072105 0.5935878296722826 0.33927359737152246 0.29146228762351606
1 0.28213278097210814 0.490509703561527 0.3214170922467055 0.24643965782801355
1 0.14642334202349916 0.381507547214521 0.27141887789721797 0.22274353688301227
1 0.8624691975286597 0.4419326556242743 0.253562372772401 0.20615625222151135
1 0.5821220670690332 0.3163432146157674 0.2499910717474376 0.20141702803251108
1 0.2910610335345166 0.24880926992251368 0.353558801471376 0.2653965545840146
1 0.8356844398414343 0.15165517404800835 0.3285596942966323 0.2985711239070164
