1 0.8461328503014813 0.7731532068474554 0.1836182724994417 0.4072712824078673
1 0.8349668742711099 0.24668057349094402 0.17121163246569565 0.4006489851329426
1 0.4267884171608645 0.956921956226615 0.049626560134984246 0.08608986457402074
1 0.3771618570258803 0.8542763484652827 0.06451452817547952 0.10595675639879475
1 0.3089253368402769 0.7797755041223801 0.06699585618222872 0.10926790503625708
1 0.22704151261755293 0.8327538823217775 0.057070544155231884 0.13575709413595577
1 0.2034688965534354 0.956921956226615 0.05458921614848267 0.08608986457402074
1 0.15756432842857498 0.7036190854607464 0.04218257611473661 0.08940101321148307
1 0.12902905635095904 0.620840369524188 0.04466390412148582 0.11589020231118176
1 0.2828713927694102 0.6456739843051554 0.06451452817547952 0.13244594549849342
1 0.43671372918786133 0.6340849640740372 0.049626560134984246 0.10264560776133241
1 0.4044564651001216 0.5496506738187478 0.04466390412148582 0.0927121618489454
1 0.31016600084365153 0.5711731399622529 0.049626560134984246 0.12251249958610642
1 0.3114066648470261 0.46356080924472703 0.07195851219572716 0.09933445912387007
1 0.21711620059055606 0.5148836131253932 0.052107888141733456 0.11589020231118176
1 0.15632366442520038 0.4784609781133075 0.05458921614848267 0.10926790503625708
1 0.17741495248256867 0.38574881626436214 0.052107888141733456 0.1291347968610311
1 0.13771370437458128 0.22019138439124533 0.047145232128235036 0.11589020231118176
1 0.17493362447581945 0.18376874937915963 0.052107888141733456 0.10926790503625708
1 0.23448549663780055 0.20529121552266483 0.06699585618222872 0.11257905367371941
1 0.24813280067492122 0.3046256746465349 0.029775936080990547 0.0927121618489454
1 0.29527803280315623 0.30297010032780375 0.05458921614848267 0.10264560776133241
1 0.3610332249820104 0.20860236416012715 0.047145232128235036 0.10595675639879475
1 0.41562244113049307 0.1291347968610311 0.04218257611473661 0.13244594549849342
1 0.5086722413835885 0.29138108009668556 0.059551872161981094 0.10595675639879475
1 0.4429170492047344 0.38905996490182443 0.062033200168730304 0.13575709413595577
