1 0.11203680528241618 0.33141127564606043 0.09058294895174074 0.3026761939426448
1 0.3307469517645797 0.3256642593053773 0.09654235348803948 0.2988448497155227
1 0.6328887617549255 0.3065075381697669 0.1477932325002086 0.5172314706614816
1 0.8688811813923553 0.26915193195532655 0.1406419470566501 0.40037547173425797
1 0.917748298590005 0.804582287695638 0.11918809072597467 0.37547173425796443
1 0.7920048628741017 0.8074557958659796 0.09654235348803948 0.35056799678167083
1 0.677584295777166 0.8132028122066627 0.10607740074611745 0.32374858719181626
1 0.559588085958451 0.7882990747303692 0.08939106804448099 0.32374858719181626
1 0.4201380198090607 0.7835098944464666 0.1251474952622734 0.3793030784850865
1 0.29081894137137815 0.804582287695638 0.10965304346789669 0.3524836688952319
1 0.19606440924422833 0.7882990747303692 0.11084492437515643 0.31225455451045
1 0.06674533080654581 0.7854255665600276 0.10965304346789669 0.3180015708511331
