1 0.286719114136806 0.9529809403811924 0.025423369726416293 0.05399892002159957
1 0.27259501984435247 0.9789804203915922 0.031073007443397693 0.0379992400151997
1 0.36934506574765896 0.9039819203615928 0.05225914888207794 0.09599808003839923
1 0.3954746401886979 0.9119817603647927 0.04519710173585119 0.08399832003359933
1 0.44490897021228515 0.8579828403431932 0.06779565260377679 0.07199856002879942
1 0.32697278287029846 0.7789844203115938 0.04095987344811514 0.08599828003439931
1 0.2761260434174659 0.8189836203275934 0.03531023573113374 0.06599868002639947
1 0.2577647208372763 0.8129837403251935 0.03531023573113374 0.08199836003279934
1 0.36369542803067756 0.6789864202715946 0.04095987344811514 0.08999820003599929
1 0.4350221042075677 0.6829863402731946 0.059321196028304685 0.09799804003919922
1 0.49858052852360846 0.7149857002859943 0.03954746401886979 0.10199796004079918
1 0.5367155831132329 0.7329853402931942 0.050846739452832586 0.08599828003439931
1 0.5762630471321026 0.6369872602547949 0.050846739452832586 0.08999820003599929
1 0.5338907642547421 0.629987400251995 0.05367155831132329 0.07999840003199936
1 0.48798745780426833 0.626987460250795 0.060733605457550036 0.08999820003599929
1 0.4597392692193613 0.5959880802383952 0.05225914888207794 0.09599808003839923
1 0.5402466066863463 0.5499890002199956 0.06355842431604074 0.09599808003839923
1 0.5035239615259671 0.504989900201996 0.06920806203302213 0.057998840023199535
1 0.5374217878278555 0.4509909801803964 0.05225914888207794 0.0739985200295994
1 0.37216988460614964 0.5079898402031959 0.04660951116509654 0.07199856002879942
1 0.4173669863420008 0.4769904601907962 0.04095987344811514 0.08199836003279934
1 0.4237228287736049 0.4019919601607968 0.03954746401886979 0.06799864002719946
1 0.4477337890707758 0.3449931001379972 0.03954746401886979 0.0739985200295994
1 0.4484399937853985 0.27099458010839783 0.04660951116509654 0.0739985200295994
1 0.6186353300094631 0.37199256014879706 0.06779565260377679 0.055998880022399555
1 0.7379839267806952 0.25799484010319795 0.04095987344811514 0.0999980000399992
1 0.8403836104009831 0.09599808003839923 0.031073007443397693 0.07199856002879942
1 0.6821937543255039 0.12199756004879903 0.03672264516037909 0.08399832003359933
1 0.6595952034575783 0.06999860002799944 0.03672264516037909 0.0879982400351993
1 0.6264035818703125 0.07099858002839943 0.03813505458962444 0.08199836003279934
