1 0.3899922001559969 0.8951143237018033 0.06799864002719946 0.06366921967753413
1 0.2639947201055979 0.7743300687253047 0.0879982400351993 0.0655418437856969
1 0.1629967400651987 0.7378138986161308 0.07799844003119938 0.07865021254283627
1 0.18099638007239854 0.6844441115334919 0.06999860002799944 0.058051347353045825
1 0.1629967400651987 0.8679612741334433 0.08199836003279934 0.058051347353045825
1 0.29899402011959764 0.8585981535926294 0.07799844003119938 0.06179659556937136
1 0.5469890602187957 0.5992397146120859 0.0499990000199996 0.0711597161101852
1 0.5259894802103958 0.5318252467182263 0.04399912001759965 0.08988595719181289
1 0.623987520249595 0.5571056721784237 0.06399872002559949 0.11797531881425442
1 0.5949881002379952 0.428830920769274 0.06599868002639947 0.11984794292241718
1 0.5439891202175957 0.36048014082133295 0.05999880002399952 0.08801333308365011
1 0.7999840003199936 0.5833224096927024 0.06399872002559949 0.10299432594895226
1 0.8639827203455931 0.5889402820171907 0.06799864002719946 0.09175858129997566
1 0.9299814003719926 0.577704537368214 0.04399912001759965 0.08426808486732458
1 0.9059818803623928 0.4822007078519129 0.05199896002079959 0.09924907773262673
1 0.9079818403631927 0.37827006984887923 0.05999880002399952 0.10861219827344057
