1 0.2461041613976382 0.8559828803423931 0.27431372930487735 0.20399592008159836
1 0.3540787144218984 0.6119877602447951 0.1673119200015564 0.10399792004159918
1 0.19454874418785628 0.5139897202055959 0.17898484465282777 0.10399792004159918
1 0.5729460516332368 0.5949881002379952 0.0680920604657497 0.09399812003759925
1 0.6147740316336258 0.5139897202055959 0.08949242232641388 0.06799864002719946
1 0.6420108558199257 0.5929881402371953 0.062255598140114006 0.08599828003439931
1 0.7003754790762826 0.5599888002239956 0.08171047255889963 0.07999840003199936
1 0.7402579716347931 0.5969880602387952 0.07976498511702107 0.0499990000199996
1 0.7733312581467287 0.5399892002159957 0.07587401023326394 0.06799864002719946
1 0.8326686251240248 0.5389892202155957 0.046691698605085506 0.0739985200295994
1 0.8219684441936927 0.6469870602587948 0.09532888465204957 0.0499990000199996
1 0.8239139316355714 0.5969880602387952 0.09143790976829244 0.05399892002159957
1 0.8900605046594424 0.5609887802243955 0.06031011069823544 0.08999820003599929
