1 0.3259934801303974 0.7809202195018995 0.04399912001759965 0.0393007379805243
1 0.3659926801463971 0.752536353182632 0.031999360012799745 0.04075632086869187
1 0.39499210015799685 0.7270636526396996 0.0499990000199996 0.02765607487518377
1 0.32999340013199735 0.7481696045181293 0.03999920001599968 0.0349339893160216
1 0.2879942401151977 0.7474418130740456 0.03599928001439971 0.03638957220418917
1 0.28499430011399773 0.7081410750935212 0.0379992400151997 0.0393007379805243
1 0.32999340013199735 0.7052299093171861 0.03599928001439971 0.0480342353095297
1 0.377992440151197 0.668840337112997 0.04399912001759965 0.04512306953319457
1 0.2729945401091978 0.6681125456689131 0.045999080018399634 0.03202282353968647
1 0.24499510009799805 0.6797572087742536 0.02999940001199976 0.04075632086869187
1 0.2959940801183976 0.6397286793496456 0.03599928001439971 0.03638957220418917
1 0.3429931401371973 0.6229894761357185 0.045999080018399634 0.03784515509235673
1 0.3939921201575969 0.6171671445830483 0.027999440011199778 0.043667486645027
1 0.35799284014319716 0.5676773263853511 0.04399912001759965 0.0524009839740324
1 0.28499430011399773 0.584416529599278 0.057998840023199535 0.03638957220418917
1 0.2259954800903982 0.601155732813205 0.047999040019199614 0.04075632086869187
1 0.1759964800703986 0.5582160376122618 0.04399912001759965 0.0480342353095297
1 0.20799584008319835 0.46141977554911867 0.047999040019199614 0.043667486645027
1 0.15599688006239876 0.47452002154262674 0.03999920001599968 0.049489818197697266
1 0.21899562008759826 0.40829100013100245 0.05399892002159957 0.0480342353095297
1 0.16399672006559868 0.40392425146649974 0.047999040019199614 0.053856566862199966
1 0.1999960000799984 0.36244013915372414 0.06799864002719946 0.04657865242136214
1 0.124997500049999 0.3449731444957133 0.057998840023199535 0.05531214975036754
1 0.5359892802143957 0.561127203388597 0.047999040019199614 0.0480342353095297
1 0.6939861202775944 0.631722973464724 0.03999920001599968 0.05531214975036754
1 0.8519829603407932 0.31877265250869713 0.05199896002079959 0.0698679786320432
