1 0.8544747493452555 0.23062568219428894 0.17459855559376736 0.4260413365726559
1 0.8663791963175578 0.7869441216858561 0.19311658421734876 0.4260413365726559
1 0.4259146583423719 0.9682757649378543 0.047617787889209284 0.06337805006865956
1 0.37168328880188356 0.8679271856624767 0.06613581651279067 0.10915108622935812
1 0.29893389063781384 0.7957466286398367 0.06878124917330229 0.11267208901095033
1 0.21163461284093013 0.8538431745361079 0.05819951853125579 0.1443611140452801
1 0.1891484352265813 0.9717967677194466 0.060844951191767416 0.056336044505475164
1 0.15078966164916272 0.9506707510298933 0.04232692256818603 0.07042005563184395
1 0.14153064733737203 0.7165240660540122 0.050263220549720905 0.10915108622935812
1 0.10714002275072089 0.6267384951234112 0.04497235522869766 0.1267561001373191
1 0.15343509430967436 0.6091334812154502 0.05819951853125579 0.09858807788458153
1 0.2605751170603952 0.6531460159853526 0.060844951191767416 0.1373191084820957
1 0.30025660696806966 0.5739234533995282 0.050263220549720905 0.13379810570050352
1 0.4351736726541626 0.6390620048589839 0.050263220549720905 0.10210908066617373
1 0.4457554032962091 0.3785077990211612 0.05555408587074416 0.1373191084820957
1 0.5105685034787439 0.2799197211365797 0.06878124917330229 0.11619309179254252
1 0.198407449538372 0.5123059047216647 0.05819951853125579 0.13027710291891131
1 0.29893389063781384 0.46477236717017006 0.07407211449432555 0.11267208901095033
1 0.13359434935583714 0.47181437273335447 0.05555408587074416 0.10563008344776592
1 0.15608052697018598 0.3785077990211612 0.06878124917330229 0.1373191084820957
1 0.28173857834448823 0.2887222280905602 0.060844951191767416 0.11267208901095033
1 0.2182481944922092 0.19013415020597868 0.06613581651279067 0.1267561001373191
1 0.2288299251342557 0.2940037322629485 0.04497235522869766 0.09506707510298934
1 0.35448797650855796 0.19717615576916306 0.047617787889209284 0.11971409457413472
1 0.4166556440305812 0.10915108622935812 0.060844951191767416 0.1408401112636879
1 0.15343509430967436 0.1637266293440372 0.06349038385227904 0.11619309179254252
1 0.11772175339276739 0.20421816133234746 0.050263220549720905 0.1267561001373191
1 0.21957091082246502 0.41547832822787933 0.037036057247162774 0.10563008344776592
1 0.23544350678553477 0.6284989965142073 0.04232692256818603 0.12323509735572691
