1 0.9282507798828273 0.811396297943947 0.11739002836925685 0.2881955861588751
1 0.8478168715557439 0.5696214773408638 0.12825947544048436 0.3075375718071217
1 0.9412941163683004 0.1460319916442622 0.11739002836925685 0.23403802634378446
1 0.6353191813132466 0.20018955145935283 0.1271725307333616 0.357826734492563
1 0.5815154183106706 0.8084950000967099 0.11521613895501136 0.340418947409141
1 0.4190171845958196 0.8123633972263593 0.12065086249062511 0.2901297847236997
1 0.33749633156161346 0.5734898744705131 0.1315203095618526 0.2920639832885244
1 0.43369093814197673 0.1460319916442622 0.12173780719774785 0.23403802634378446
1 0.07173835067010141 0.8094620993791223 0.11304224954076586 0.3423531459739657
1 0.12771600308692296 0.20018955145935283 0.12934642014760708 0.36169513162221234
