1 0.6936728626767965 0.9039819203615928 0.15615146692291523 0.13199736005279894
1 0.3603495390528813 0.9159816803663927 0.16215729257379657 0.13199736005279894
1 0.3017927389567881 0.8169836603267935 0.16516020539923726 0.10199796004079918
1 0.34833788775111857 0.7149857002859943 0.14413981562115252 0.10199796004079918
1 0.25524759016245757 0.6099878002439951 0.16816311822467794 0.15599688006239876
1 0.40389177502177115 0.5529889402211956 0.16516020539923726 0.16599668006639867
1 0.5960781958499745 0.46799064018719627 0.14113690279571184 0.13199736005279894
1 0.24623885168613555 0.4629907401851963 0.17416894387555928 0.14599708005839884
1 0.16966457463739829 0.39299214015719686 0.14113690279571184 0.13399732005359893
1 0.2642563286387796 0.3159936801263975 0.186180595177322 0.17199656006879863
1 0.44292964175249994 0.3619927601447971 0.15915437974835592 0.11599768004639907
1 0.5465301342302034 0.2779944401111978 0.23422720038437284 0.1759964800703986
1 0.2732650671151017 0.1379972400551989 0.1321281643193898 0.15599688006239876
1 0.8212966577580253 0.36999260014799706 0.19518933365364405 0.14399712005759885
1 0.8783520014413981 0.16099678006439871 0.15915437974835592 0.16999660006799863
1 0.8167922885198643 0.8339833203335933 0.10209903606498304 0.123997520049599
