1 0.7533519678330668 0.6479870402591948 0.08370577420367409 0.05999880002399952
1 0.6509618690303584 0.6889862202755945 0.07922153629990583 0.0499990000199996
1 0.5590349920031091 0.7019859602807944 0.07473729839613757 0.04399912001759965
1 0.3714443730288038 0.7389852202955941 0.07623204436406032 0.0499990000199996
1 0.45290802828059373 0.6619867602647947 0.08968475807536509 0.0759984800303994
1 0.38938132464387676 0.6399872002559949 0.08520052017159684 0.06399872002559949
1 0.45739226618436196 0.5899882002359953 0.1076217096904381 0.05999880002399952
1 0.18011688913469157 0.625987480250395 0.08221102823575134 0.06399872002559949
1 0.3116545343118937 0.508989820203596 0.06726356855652382 0.05399892002159957
1 0.026905427422609526 0.5739885202295955 0.05082136290937355 0.04399912001759965
1 0.029147546374493655 0.48699026019479613 0.05530560081314181 0.045999080018399634
1 0.1322850181611635 0.30499390012199756 0.06128458468483281 0.041999160016799666
1 0.23318037099594924 0.39299214015719686 0.07174780646029208 0.0619987600247995
1 0.3079176693920868 0.373992520149597 0.07174780646029208 0.07199856002879942
1 0.4200236169862932 0.30699386012279756 0.07772679033198308 0.0499990000199996
1 0.48280294763904874 0.3899922001559969 0.0926742500112106 0.06799864002719946
1 0.598645760153062 0.3489930201395972 0.08819001210744234 0.06599868002639947
1 0.6838462803246589 0.37899242015159695 0.07324255242821483 0.0499990000199996
1 0.7593309517047578 0.4839903201935961 0.07772679033198308 0.07999840003199936
1 0.8729316452668869 0.33299334013319737 0.08968475807536509 0.05399892002159957
1 0.6569408529020493 0.27199456010879786 0.09416899597913335 0.05999880002399952
1 0.4910240504626239 0.2759944801103978 0.08819001210744234 0.047999040019199614
