1 0.16247634042980855 0.20647765782115146 0.22110182409004875 0.21295901927742078
1 0.7554312323076665 0.8842428843910298 0.1440511884223045 0.16110812762726617
1 0.7931190432321067 0.4777689302049962 0.03852531783387213 0.059258161885891
1 0.8098691814207467 0.38425214347882447 0.048575400747056165 0.04259180385548416
1 0.7487311770322105 0.4120294068628359 0.0301502487395521 0.05740634432695691
1 0.7730188774057386 0.4092516805244347 0.025125207282960086 0.04444362141441825
1 0.6875931726436744 0.4481398492620507 0.028475234920688097 0.04444362141441825
1 0.7194184352020905 0.3388826132849392 0.025125207282960086 0.05185089165015463
1 0.7478936701227785 0.2824021777374493 0.028475234920688097 0.04259180385548416
1 0.7931190432321067 0.2888835391937186 0.03852531783387213 0.05185089165015463
1 0.8433694577980269 0.3018462621062573 0.028475234920688097 0.05185089165015463
1 0.874357213447011 0.31110534990092775 0.03350027637728011 0.04444362141441825
1 0.903669955277131 0.25740264069183905 0.028475234920688097 0.04073998629655006
1 0.8684946650809869 0.25555082313290495 0.04187534547160014 0.04444362141441825
1 0.8366694025225708 0.25555082313290495 0.04187534547160014 0.04814725653228644
1 0.8190817574244987 0.2351808299846299 0.0301502487395521 0.059258161885891
1 0.876869734175307 0.21018129293901966 0.03852531783387213 0.05370270920908872
1 0.8450444716168909 0.18703357345234348 0.04522537310932815 0.04073998629655006
1 0.7554312323076665 0.18425584711394233 0.03685030401500813 0.035184533619747785
1 0.7839064672283547 0.17221903298087074 0.03350027637728011 0.04814725653228644
1 0.8718446927187149 0.15462676617099683 0.03517529019614412 0.03888816873761597
1 0.9329826971072511 0.11203496231551267 0.05025041456592017 0.035184533619747785
1 0.7906065225038107 0.12777541156645247 0.0301502487395521 0.04444362141441825
1 0.8081941676018827 0.09629451306457287 0.025125207282960086 0.04814725653228644
1 0.8081941676018827 0.05462861798855577 0.03517529019614412 0.04259180385548416
