1 0.47803106835917486 0.9023349381353698 0.22108021844482512 0.16796710969619438
1 0.23352513140363979 0.9116121912871945 0.23864950732785759 0.17089676858624428
1 0.3367447035914555 0.7246022988056757 0.36309863691600414 0.2832003593714905
1 0.5175619683459979 0.5864200544916554 0.32942416655685863 0.2841769123348405
1 0.31112282397036645 0.4960889053817834 0.31185487767382614 0.22656028749719243
1 0.17496083512686492 0.38866807941328696 0.2620752258385675 0.20507612230349312
1 0.30673050174960836 0.25634515287936643 0.3264959517430199 0.2509741115809416
1 0.5783224257331518 0.3256804132772141 0.20497503696871203 0.19824025156004335
1 0.829416846019824 0.44335504536088516 0.2474341517693738 0.19140438081659358
1 0.8213642552817675 0.16894366265954433 0.32210362952226174 0.28515346529819047
