2 0.1583173131290286 0.1889962200755985 0.09369800164779245 0.0619987600247995
2 0.2665546598600992 0.20399592008159836 0.0807741393515452 0.09199816003679927
2 0.14539345083278138 0.4519909601807964 0.03230965574061809 0.047999040019199614
2 0.25686176313791376 0.32799344013119736 0.054926414759050746 0.11999760004799905
2 0.18981922747613125 0.48899022019559607 0.0403870696757726 0.03399932001359973
2 0.24393790084166653 0.47899042019159616 0.0775431737774834 0.10599788004239916
2 0.3335971955218817 0.35799284014319716 0.07269672541639069 0.05199896002079959
2 0.23747596969354293 0.6699866002679946 0.08400510492560702 0.055998880022399555
2 0.18497277911503854 0.8989820203595928 0.024232241805463562 0.045999080018399634
2 0.2293985557583884 0.7879842403151938 0.04200255246280351 0.027999440011199778
2 0.1736643996058222 0.7589848203035939 0.021001276231401755 0.021999560008799823
2 0.30290302256829454 0.6679866402671947 0.0403870696757726 0.04399912001759965
2 0.30371076396181 0.5909881802363953 0.03230965574061809 0.03399932001359973
2 0.30855721232290273 0.624987500249995 0.06785027705529798 0.045999080018399634
2 0.43052616274373595 0.5209895802083958 0.027463207379525373 0.045999080018399634
2 0.4281029385631896 0.627987440251195 0.025847724592494466 0.023999520009599807
2 0.39013909306796335 0.8039839203215936 0.0759276909904525 0.0879982400351993
2 0.4402190594659214 0.7709845803083939 0.056541897546081646 0.09399812003759925
2 0.4612203356973231 0.6859862802743946 0.06623479426826707 0.0879982400351993
2 0.7641233582656177 0.4859902801943961 0.3295584885543045 0.5559888802223956
