2 0.7355462897781628 0.2749945001099978 0.09566614321041136 0.26999460010799786
2 0.8050396202234616 0.3139937201255975 0.15162181188065196 0.20399592008159836
2 0.8248948574935471 0.38299234015319694 0.14440172560062092 0.16999660006799863
2 0.7102759877980542 0.5829883402331953 0.09566614321041136 0.23399532009359814
2 0.6606378946228407 0.5879882402351954 0.12274146676052779 0.23599528009439813
2 0.5180411905922276 0.7269854602907942 0.1841122001407917 0.19399612007759845
2 0.2960235374812729 0.7549849003019939 0.2310427609609935 0.09799804003919922
2 0.11461886969549287 0.7859842803143937 0.2256276962509702 0.13199736005279894
2 0.5351888955073013 0.9499810003799924 0.15703687659067525 0.0999980000399992
2 0.44042526308189384 0.6419871602567949 0.09025107850038808 0.20399592008159836
2 0.3727369542066028 0.6179876402471951 0.0848360137903648 0.20399592008159836
2 0.47833071605205685 0.44799104017919644 0.14440172560062092 0.16799664006719867
2 0.5387989386473169 0.2729945401091978 0.17508709229075287 0.2019959600807984
2 0.6245374632226856 0.08099838003239936 0.13357159618057435 0.1499970000599988
2 0.9503438566090865 0.041999160016799666 0.09927618635042688 0.0759984800303994
