2 0.30390150153903844 0.27192300944838477 0.04531179200324995 0.037593042780882685
2 0.06718645021171545 0.7330643342272124 0.04062436524429306 0.04260544848500038
2 0.13202918704395245 0.7042430014285357 0.04218684083061202 0.04009924563294153
2 0.39061889657974097 0.6215383073105938 0.0343744628990172 0.03508683992882384
2 0.4648364869298917 0.5488584246008872 0.04218684083061202 0.05513646274529461
2 0.4835861939657193 0.5914638730858875 0.026562084967422385 0.03007443422470615
2 0.18905954594459462 0.9172702438535375 0.0343744628990172 0.05513646274529461
2 0.05937407228012062 0.9172702438535375 0.0343744628990172 0.04009924563294153
2 0.09374853517913782 0.9323074609658906 0.015624755863189638 0.03508683992882384
2 0.15312260745925846 0.9673943008947145 0.024999609381103422 0.04511165133705922
2 0.17577850346088342 0.3308187764717676 0.039061889657974094 0.05513646274529461
2 0.15312260745925846 0.35462770356632667 0.018749707035827564 0.03258063707676499
2 0.19687192387618943 0.37593042780882685 0.012499804690551711 0.03007443422470615
2 0.07265511476383181 0.41352347058970956 0.04218684083061202 0.04009924563294153
2 0.08046749269542663 0.4724192376130924 0.02031218262214653 0.02255582566852961
2 0.007812377931594819 0.4974812661336809 0.012499804690551711 0.04761785418911807
2 0.21796534429149544 0.6039948873461818 0.023437133794784456 0.03007443422470615
2 0.24765238043155577 0.5977293802160347 0.02968703614006031 0.04260544848500038
2 0.2546835205699911 0.6290569158667703 0.015624755863189638 0.025062028520588458
2 0.30312026374587897 0.4661537304829453 0.04687426758956891 0.0601488684494123
2 0.3367134888517367 0.4824440490213278 0.026562084967422385 0.037593042780882685
2 0.3132763550569522 0.551364627452946 0.02968703614006031 0.04009924563294153
2 0.35311948250808584 0.6804340743339766 0.024999609381103422 0.027568231372647304
2 0.3367134888517367 0.7192802185408887 0.0171872314495086 0.020049622816470766
2 0.3632755738191591 0.7405829427833889 0.023437133794784456 0.03258063707676499
2 0.36015062264652115 0.8245407383273602 0.026562084967422385 0.03508683992882384
2 0.40936860361556854 0.9285481566878023 0.028124560553741348 0.037593042780882685
2 0.4742113404478055 0.3233001679155911 0.05468664552116373 0.0601488684494123
2 0.38280651864814613 0.28696022656073783 0.018749707035827564 0.027568231372647304
2 0.324213684161185 0.29698503796897324 0.039061889657974094 0.04761785418911807
2 0.2749957031921376 0.2568857923360317 0.024999609381103422 0.03258063707676499
2 0.3179637818159091 0.3383373850279442 0.032811987312698236 0.04009924563294153
2 0.5663974000406243 0.4273075862760332 0.0171872314495086 0.01754341996441192
2 0.5687411134201028 0.49121575900353376 0.03749941407165513 0.03508683992882384
2 0.60311557631912 0.44109170196235686 0.031249511726379277 0.04009924563294153
2 0.5929594850080467 0.23057066238941382 0.0171872314495086 0.03007443422470615
2 0.9038921266855205 0.0764391869877948 0.02031218262214653 0.02255582566852961
2 0.9117045046171154 0.13533495401117768 0.026562084967422385 0.04009924563294153
2 0.9382665895845378 0.21553344527706073 0.0171872314495086 0.020049622816470766
2 0.842955578819081 0.28696022656073783 0.039061889657974094 0.057642665597353454
2 0.8796737550975766 0.2806947194305907 0.03749941407165513 0.04009924563294153
2 0.64842736832237 0.340843587880003 0.03749941407165513 0.05513646274529461
2 0.6609271730129217 0.39723315205132703 0.028124560553741348 0.037593042780882685
2 0.6804581178419087 0.37593042780882685 0.04218684083061202 0.04511165133705922
2 0.7124888673614475 0.4448510062404451 0.021874658208465493 0.027568231372647304
2 0.6632708863924002 0.5425929174707401 0.039061889657974094 0.03258063707676499
2 0.7367072389493914 0.5150246860980928 0.051561694348525804 0.027568231372647304
2 0.8062374025405853 0.48870955615147493 0.049999218762206844 0.03508683992882384
2 0.8234246339900939 0.4185358762938272 0.024999609381103422 0.03508683992882384
2 0.4515554444461805 0.7067492042805945 0.015624755863189638 0.025062028520588458
2 0.4695239136888486 0.6917119871682414 0.023437133794784456 0.03007443422470615
2 0.5046796143810253 0.6967243928723591 0.03749941407165513 0.04009924563294153
2 0.49530476086311154 0.7455953484875066 0.015624755863189638 0.03258063707676499
2 0.5179606568647365 0.7493546527655949 0.026562084967422385 0.020049622816470766
2 0.5445227418321589 0.6278038144407408 0.05468664552116373 0.04260544848500038
2 0.5632724488679864 0.6691561614997118 0.02031218262214653 0.025062028520588458
2 0.5070233277605037 0.7844414926944187 0.023437133794784456 0.025062028520588458
2 0.5249917970031718 0.8007318112328012 0.018749707035827564 0.027568231372647304
2 0.5335854127279261 0.8596275782561841 0.039061889657974094 0.05513646274529461
2 0.582022155903814 0.9084985338713316 0.03593693848533617 0.05263025989323576
2 0.5445227418321589 0.729305029949124 0.014062280276870674 0.03007443422470615
2 0.5773347291448572 0.8032380140848601 0.02968703614006031 0.04761785418911807
2 0.5968656739738442 0.7844414926944187 0.015624755863189638 0.03007443422470615
2 0.6078030030780769 0.8157690283451543 0.018749707035827564 0.027568231372647304
2 0.604678051905439 0.6841933786120649 0.031249511726379277 0.03007443422470615
2 0.5945219605943657 0.7267988270970652 0.03593693848533617 0.04009924563294153
2 0.6234277589412666 0.6829402771860354 0.018749707035827564 0.02255582566852961
2 0.6320213746660208 0.6315631187188291 0.04843674317588788 0.050124057041176916
2 0.689051733566663 0.6227914087366232 0.024999609381103422 0.027568231372647304
2 0.7507695192262621 0.6378286258489763 0.026562084967422385 0.03258063707676499
2 0.8867048952360119 0.5175308889501516 0.023437133794784456 0.02255582566852961
2 0.7804565553663224 0.560136337435152 0.03593693848533617 0.03258063707676499
2 0.8156122560584991 0.5463522217488284 0.021874658208465493 0.020049622816470766
2 0.9406103029640162 0.5162777875241222 0.049999218762206844 0.04511165133705922
2 0.9202981203418696 0.6115134959023584 0.018749707035827564 0.025062028520588458
2 0.9429540163434946 0.6415879301270645 0.032811987312698236 0.04511165133705922
2 0.8859236574428525 0.7330643342272124 0.021874658208465493 0.04761785418911807
2 0.9093607912376369 0.7994787098067718 0.024999609381103422 0.03508683992882384
2 0.7999875001953095 0.6766747700558884 0.049999218762206844 0.08521089697000075
2 0.8281120607490509 0.6917119871682414 0.028124560553741348 0.04511165133705922
2 0.7429571412946673 0.729305029949124 0.0171872314495086 0.025062028520588458
2 0.6476461305292105 0.7455953484875066 0.02031218262214653 0.03258063707676499
2 0.6710832643239949 0.7418360442094183 0.02968703614006031 0.04009924563294153
2 0.7460820924673052 0.7919601012505952 0.032811987312698236 0.05513646274529461
2 0.6578022218402838 0.9122578381494199 0.0343744628990172 0.03007443422470615
2 0.6960828737050984 0.8345655497355956 0.032811987312698236 0.03007443422470615
2 0.7390509523288699 0.8696523896644195 0.05937407228012062 0.05513646274529461
2 0.7187387697067233 0.9899501265632441 0.024999609381103422 0.015037217112353075
2 0.7937375978500336 0.8571213754041253 0.018749707035827564 0.020049622816470766
2 0.7499882814331026 0.9298012581138317 0.028124560553741348 0.04511165133705922
2 0.8179559694379775 0.7756697827122128 0.04531179200324995 0.06265507130147115
