3 0.3366610556490725 0.6418236362523214 0.06666555557407376 0.051019366951694865
3 0.17499708338194364 0.6816187424746434 0.06666555557407376 0.036733944205220304
3 0.20249662505624907 0.7663108916144569 0.03166613889768504 0.09999795922532194
3 0.24166263895601742 0.784677863717067 0.049999166680555325 0.06734556437623722
3 0.34499425009583173 0.943858288606355 0.02333294445092582 0.09183486051305076
3 0.38249362510624824 0.7530458562070163 0.061665638906018234 0.040815493561355894
3 0.39832669455509073 0.7918205750903043 0.06666555557407376 0.036733944205220304
3 0.38999350010833156 0.8989612456888635 0.02333294445092582 0.08367176180077958
3 0.4241595973400443 0.9203893798085754 0.03499941667638873 0.08979408583498297
3 0.6866552224129598 0.9132466684353381 0.02333294445092582 0.07959021244464398
3 0.7241545974233763 0.9346748025550499 0.04499925001249979 0.040815493561355894
3 0.7641539307678206 0.904063182384033 0.061665638906018234 0.08571253647884737
3 0.7249879168680522 0.7632497295973552 0.01999966667222213 0.10612028325952531
3 0.7458209029849503 0.6193751147935757 0.06833219446342562 0.059182465663966045
3 0.9499841669305512 0.5530499377563723 0.0566657222379627 0.07754943776657619
3 0.9391510141497642 0.4510112038529826 0.024999583340277663 0.09795718454725413
3 0.7633206113231447 0.2816269055733556 0.01666638889351844 0.08979408583498297
3 0.26582890285161914 0.46529662659945714 0.03166613889768504 0.08979408583498297
3 0.31832802786620223 0.4183588090038979 0.05999900001666639 0.06122324034203384
3 0.3891601806636556 0.3846860268157793 0.04499925001249979 0.07142711373237282
3 0.7333211113148115 0.39488990020611825 0.049999166680555325 0.055100916307830455
3 0.7283211946467559 0.47345972531172836 0.03999933334444426 0.06530478969816943
3 0.5908234862752287 0.5806003959102876 0.02833286111898135 0.09183486051305076
3 0.11583140280995317 0.47448011265076223 0.05499908334861086 0.038774718883288095
3 0.1666638889351844 0.43162384441133855 0.049999166680555325 0.042856268239423685
3 0.19749670838819353 0.3785637027815759 0.038332694455092416 0.06326401502010164
3 0.17666372227129548 0.3255035611518132 0.04666588890185164 0.055100916307830455
3 0.24166263895601742 0.22142405257035572 0.0566657222379627 0.042856268239423685
3 0.26332894451759137 0.28979000428562685 0.029999500008333194 0.036733944205220304
3 0.29332844452592455 0.2663210954878472 0.029999500008333194 0.07142711373237282
3 0.31666138897685037 0.2765249688781862 0.029999500008333194 0.051019366951694865
3 0.3583273612106465 0.5316218036366605 0.06999883335277746 0.046937817595559275
3 0.27832869452175796 0.8469214913981348 0.04333261112314795 0.032652394849084714
3 0.6233229446175897 0.44284810514071143 0.029999500008333194 0.07346788841044061
3 0.5041582640289328 0.517336380890186 0.024999583340277663 0.07959021244464398
3 0.48082531957800706 0.4887655353972368 0.03499941667638873 0.07142711373237282
3 0.45832569457175715 0.43672578110650806 0.026666222229629506 0.07346788841044061
3 0.6499891668472192 0.5193771555682537 0.04333261112314795 0.06326401502010164
3 0.3974933751104148 0.1602008122283219 0.03499941667638873 0.07142711373237282
3 0.36832719454675755 0.16122119956735578 0.03333277778703688 0.06122324034203384
3 0.4033266112231463 0.1122426072937287 0.03333277778703688 0.06530478969816943
3 0.4141597640039333 0.0377543315442542 0.024999583340277663 0.07142711373237282
3 0.3883268612189797 0.05714169098589825 0.026666222229629506 0.04897859227362707
3 0.2874952084131931 0.028570845492949123 0.018333027782870284 0.05306014162976266
