3 0.5801247665593833 0.39899202015959684 0.20397080833366446 0.2379952400951981
3 0.623170554032397 0.22699546009079818 0.062250831114819674 0.2859942801143977
3 0.7582681024092396 0.4939901201975961 0.09403848955642971 0.3119937601247975
3 0.6403888690216024 0.5659886802263955 0.15231586336604813 0.2399952000959981
3 0.6668785843896108 0.4099918001639967 0.13907100568204395 0.13199736005279894
3 0.7556191308724388 0.6649867002659947 0.11523026185083642 0.2019959600807984
3 0.7304539012728308 0.8679826403471931 0.11258129031403558 0.25199496010079797
3 0.6927060568734189 0.9109817803643927 0.08741606071442762 0.17799644007119858
3 0.5450258936967722 0.7879842403151938 0.23708295254367492 0.10799784004319914
3 0.36026012900491383 0.9119817603647927 0.21986463755446947 0.13199736005279894
3 0.4595965616349452 0.7119857602847943 0.18277903603925777 0.2119957600847983
3 0.31456536999509943 0.6769864602707946 0.1999973510284632 0.11399772004559909
3 0.29204911193229227 0.6019879602407952 0.1788055787340565 0.09199816003679927
3 0.19602389372326195 0.4409911801763965 0.09801194686163098 0.3499930001399972
3 0.2748307969430869 0.42999140017199655 0.09933643263003139 0.2959940801183976
3 0.3490019999735103 0.43199136017279655 0.09138951801962888 0.25599488010239796
3 0.4562853472139442 0.1509969800603988 0.17350763566045482 0.25799484010319795
3 0.5191984212129641 0.2609947801043979 0.13774651991364353 0.12199756004879903
3 0.1278128766506404 0.1379972400551989 0.18410352180765818 0.2119957600847983
3 0.24171865273307638 0.10199796004079918 0.08874054648282804 0.1999960000799984
3 0.3324459278685051 0.06699866002679947 0.10595886147203348 0.12999740005199897
