3 0.5882720582490899 0.34270119372513075 0.02968703614006031 0.08958146705276973
3 0.8492054811643568 0.21770379783754507 0.02968703614006031 0.08541488718985021
3 0.8562366213027922 0.3906168621487052 0.04687426758956891 0.060415408012333076
3 0.8710801393728224 0.47082352450990606 0.03593693848533617 0.07083185766963189
3 0.8351432008874862 0.5447803170767276 0.04531179200324995 0.05624882814941355
3 0.7968625490226715 0.6406116539238766 0.031249511726379277 0.0812483073269307
3 0.7546757081920595 0.6656111331013937 0.043749316416930986 0.08958146705276973
3 0.8374869142669646 0.6447782337867961 0.03749941407165513 0.11041436636736734
3 0.7710817018484086 0.8885231557675882 0.023437133794784456 0.08958146705276973
3 0.538272839486883 0.2479115018437116 0.026562084967422385 0.0916647569842295
3 0.366400524991797 0.11978917105893627 0.02968703614006031 0.08958146705276973
3 0.30312026374587897 0.22812024749484386 0.031249511726379277 0.07291514760109165
3 0.14843518070030157 0.7145684464906982 0.04062436524429306 0.07916501739547092
3 0.012499804690551711 0.9447719839170018 0.021874658208465493 0.07708172746401117
3 0.2109342041530601 0.9541467886085707 0.06562397462539647 0.04166579862919523
3 0.517179419071577 0.8176912980979563 0.056249121107482696 0.08541488718985021
3 0.5757722535585381 0.8843565759046687 0.05468664552116373 0.035415928834815945
3 0.7101451539819691 0.9270640194995938 0.04531179200324995 0.04583237849211475
