3 0.5119897602047959 0.4999849402126442 0.03999920001599968 0.06626306436553116
3 0.36899262014759704 0.7213638143429415 0.017999640007199856 0.06927502183669167
3 0.4229915401691966 0.7183518568717809 0.045999080018399634 0.027107617240444564
3 0.49699006019879605 0.7680491551459293 0.02999940001199976 0.0783108942501732
3 0.5829883402331953 0.7921448149152134 0.02999940001199976 0.06626306436553116
3 0.5569888602227956 0.6716665160687931 0.021999560008799823 0.05421523448088913
3 0.254994900101998 0.4623354718231379 0.02999940001199976 0.06325110689437065
3 0.31999360012799744 0.3674588114815819 0.023999520009599807 0.07228697930785218
3 0.30699386012279756 0.4126381735489895 0.05399892002159957 0.0421674045962471
3 0.6999860002799944 0.2560163850486431 0.05199896002079959 0.03614348965392609
3 0.7169856602867942 0.510526791361706 0.017999640007199856 0.05722719195204964
3 0.6079878402431952 0.5060088551549652 0.015999680006399872 0.07228697930785218
3 0.5559888802223956 0.5602240896358543 0.04399912001759965 0.03614348965392609
3 0.881982360352793 0.7620252402036084 0.03999920001599968 0.06626306436553116
3 0.8619827603447932 0.4307099183759525 0.023999520009599807 0.060239149423210146
3 0.18099638007239854 0.5451643022800519 0.045999080018399634 0.07228697930785218
3 0.2379952400951981 0.5858257281407186 0.03599928001439971 0.06325110689437065
3 0.27099458010839783 0.6129333453811633 0.041999160016799666 0.06325110689437065
3 0.29699406011879764 0.5903436643474594 0.02999940001199976 0.05421523448088913
3 0.3489930201395972 0.6023914942321015 0.02999940001199976 0.07228697930785218
3 0.3389932201355973 0.7183518568717809 0.02999940001199976 0.05722719195204964
3 0.3039939201215976 0.7093159844582995 0.047999040019199614 0.04517936206740761
3 0.24399512009759805 0.8056986235354358 0.015999680006399872 0.04517936206740761
3 0.20999580008399832 0.6626306436553117 0.047999040019199614 0.05421523448088913
3 0.17799644007119858 0.6204632390590645 0.015999680006399872 0.07228697930785218
3 0.13399732005359893 0.6520887925062498 0.047999040019199614 0.03313153218276558
3 0.09299814003719926 0.6837143459534352 0.021999560008799823 0.03614348965392609
3 0.05299894002119958 0.706304026987139 0.025999480010399794 0.05722719195204964
3 0.05099898002039959 0.7635312189391886 0.03399932001359973 0.06325110689437065
3 0.0999980000399992 0.7861208999728924 0.03599928001439971 0.10240655401945725
3 0.44599108017839645 0.4307099183759525 0.027999440011199778 0.0783108942501732
3 0.6979860402791944 0.3493870666546188 0.03599928001439971 0.04819131953856812
