3 0.6430496013925797 0.5713206808296387 0.12870251201377766 0.2307660032726815
3 0.7634188572328034 0.495097970657753 0.08981398320385922 0.30768800436357535
3 0.7439745928278442 0.6769136095998658 0.1027768261404987 0.19580145732227522
3 0.737956130035833 0.8664214486510678 0.1203692558402237 0.2363603306247465
3 0.6879565929945093 0.9041831582775066 0.08148072703030527 0.19160571180822647
3 0.5490689901019435 0.783905120208109 0.23147933815427635 0.11608229255534888
3 0.3537004286997343 0.9139732311436204 0.20740548698623162 0.1412567656396414
3 0.4574031721928501 0.7132767373882883 0.18147980111295267 0.20978727570243774
3 0.3152748585661244 0.6825079369519308 0.19166489199174083 0.09790072866113761
3 0.30508976768733626 0.595096572075915 0.17870204905510134 0.08531349211899135
3 0.3527745113471172 0.4370568243800786 0.08148072703030527 0.2251716759206165
3 0.5490689901019435 0.4342596607040461 0.1370357681873316 0.15244542034377143
3 0.6314756344848659 0.22097593040656774 0.06666604938843158 0.2713248765751528
3 0.5004583290895455 0.2706255856561447 0.19907223081267766 0.11608229255534888
3 0.2759233710798974 0.4237702969189242 0.10370274349311581 0.31607949539167285
3 0.19536856140220923 0.4454483154081761 0.0870362311460079 0.3398553866379491
3 0.13472097480578885 0.1517461294247633 0.20092406551791187 0.22796883959664901
3 0.23472004888843623 0.11188654704130012 0.09536948731956185 0.21538160305450274
3 0.3268488254738382 0.051747528006601304 0.08148072703030527 0.10069789233717011
3 0.31758965194766714 0.22167522132557588 0.14073943759780003 0.216780184892519
3 0.46758826307163825 0.14195605655864954 0.1537022805344395 0.244751821652844
