3 0.43280573741035294 0.4264622262308582 0.11249824221496539 0.1352914648732378
3 0.38280651864814613 0.5744985392443286 0.10312338869705161 0.07842983470912335
3 0.5757722535585381 0.6656732220936844 0.06093654786643959 0.16274190702143096
3 0.6585834596334432 0.7352797003980315 0.11718566897392228 0.10588027685731652
3 0.5562413087295511 0.8127291621732907 0.11562319338760332 0.13136997313778162
3 0.8593615724754301 0.8588066900649007 0.14062280276870673 0.08235132644457951
3 0.7031140138435337 0.935275778906296 0.10624833986968954 0.11764475206368503
3 0.6585834596334432 0.8862571322130939 0.12031062014656022 0.09803729338640418
3 0.7093639161888096 0.7931217034960099 0.14374775394134467 0.09999803925413227
3 0.8109248292995422 0.5107742985431658 0.11249824221496539 0.09999803925413227
3 0.7038952516366932 0.43234446383404246 0.10468586428337058 0.09999803925413227
3 0.928891736066624 0.256857708672379 0.07968625490226715 0.1568596694182467
3 0.7921751222637147 0.2548969628046509 0.13124794925079294 0.06274386776729868
3 0.7476445680536242 0.0607831218995706 0.06718645021171545 0.11764475206368503
3 0.6101467164575554 0.18136899276484775 0.12031062014656022 0.09215505578321993
3 0.6304588990797019 0.2529362169369228 0.08593615724754301 0.15293817768279053
3 0.7007703004640553 0.3137193388364934 0.0953110107654568 0.1333307190055097
3 0.5453039796253184 0.2715633026803396 0.09374853517913782 0.1470559400796063
3 0.4921798096904736 0.20293719730985668 0.11249824221496539 0.11568400619595695
3 0.5179606568647365 0.03137193388364934 0.10156091311073265 0.05882237603184252
3 0.31249511726379275 0.08725319111389973 0.07499882814331026 0.1705848904923433
3 0.18202840580615928 0.6519480010195878 0.08593615724754301 0.16274190702143096
3 0.10077967531757316 0.7784161094880493 0.12343557131919813 0.12940922727005352
3 0.2671833252605428 0.7990039410991941 0.11249824221496539 0.11176251446050077
3 0.30155778815956 0.8460618419246682 0.10312338869705161 0.12352698966686929
3 0.0953110107654568 0.5029313150722535 0.07812377931594819 0.14313444834415012
3 0.14921641849346104 0.5784200309797847 0.04218684083061202 0.14117370247642202
3 0.07265511476383181 0.035293425619105506 0.04531179200324995 0.06666535950275485
