3 0.34866655006425806 0.2560567264132362 0.07224279663272523 0.08787745640217573
3 0.3950540300073764 0.3492371327707156 0.022053064235252964 0.1924213269495917
3 0.38098569592626674 0.4219633035863093 0.01977171276264059 0.16514901289374403
3 0.44790533912289643 0.4355994606142331 0.06691964319662969 0.10151361343009954
3 0.4653957004129246 0.48105331737397916 0.08669135595927027 0.10757412766473236
3 0.48896966562991917 0.5628702595415221 0.08060775203230394 0.1287859274859472
3 0.45398894304986276 0.6787775942788745 0.06844054417837127 0.10302874198875775
3 0.5874480041976867 0.7181709368039878 0.0463874799431183 0.13030105604460537
3 0.7395381023718451 0.6227178376085211 0.0281366681622193 0.16363388433508583
3 0.8479022973209329 0.756806715049772 0.07908685105056236 0.10151361343009954
3 0.9098790123269025 0.8568051999212133 0.043345677979635136 0.2196936410054393
3 0.8460011710937559 0.9083195709155922 0.07224279663272523 0.10151361343009954
3 0.7456217062988114 0.8681686641111498 0.08745180645014107 0.10605899910607415
3 0.7201466148546399 0.9121073923122377 0.07756595006882076 0.09393797063680853
3 0.6148242218690352 0.8780169997424282 0.07984730154143314 0.09848335631278314
3 0.36121398316362613 0.5802942379660915 0.08669135595927027 0.07272617081559371
3 0.29467456521243185 0.5181739670611052 0.05703378681530939 0.09696822775412493
3 0.2642565455776002 0.2712080119998182 0.06768009368750047 0.13030105604460537
3 0.23650010266081628 0.2939349403796912 0.08517045497752869 0.057574885229011684
3 0.2585531668960692 0.3363585400221209 0.09429586086797818 0.04242359964242966
3 0.23878145413342863 0.4105998393963728 0.07148234614185443 0.0696959136982773
3 0.149808746701546 0.32347994727352614 0.04410612847050593 0.15302798442447843
3 0.15323077391046455 0.5257496098543961 0.06311739074227572 0.08787745640217573
3 0.33954114417380854 0.7560491507704429 0.08136820252317473 0.07575642793291011
3 0.5220492619827987 0.704534779776064 0.07224279663272523 0.060605142346328085
3 0.5878282294431221 0.5719610308934713 0.07756595006882076 0.08636232784351752
3 0.6768009368750048 0.5121134528264724 0.05171063337921385 0.10605899910607415
3 0.6885879194835021 0.599233344949319 0.08136820252317473 0.08939258496083392
3 0.6806031893293587 0.696959136982773 0.07604504908707918 0.12424054180997257
3 0.6608314765667181 0.7848365933849487 0.06691964319662969 0.07272617081559371
3 0.8425791438848373 0.6174148876532174 0.07148234614185443 0.08939258496083392
3 0.8920084257914389 0.6477174588263814 0.028897118653090092 0.14999772730716202
3 0.929650725089543 0.6462023302677232 0.06007558877879256 0.12272541325131438
3 0.9817415837141923 0.6628687444129634 0.030418019634831674 0.1469674701898456
3 0.8460011710937559 0.5492341025135983 0.06768009368750047 0.08030181360888472
3 0.9342134280347678 0.5355979454856745 0.05247108387008464 0.09545309919546674
3 0.8855445966190372 0.5416584597203072 0.05247108387008464 0.1469674701898456
3 0.8136820252317473 0.4984772957985485 0.03802252454353959 0.1545431129831366
3 0.767294545288629 0.5105983242678142 0.07148234614185443 0.08484719928485931
3 0.6969528748830808 0.44696292480416966 0.07832640055969156 0.0666656565809609
3 0.7585493646436149 0.4219633035863093 0.058554687797050975 0.09848335631278314
3 0.5357373708184728 0.434841896334904 0.0555128858335678 0.11818002757533977
3 0.5216690367373632 0.26211724064786895 0.0653987422148881 0.12121028469265617
3 0.45284826731355654 0.24923864789927425 0.08897270743188265 0.062120270904986286
3 0.5870677789522513 0.19620914834623718 0.10494216774016928 0.0742412993742519
3 0.6311739074227573 0.30151058317298224 0.05323153436095543 0.08181694216754291
3 0.4490460148592026 0.1924213269495917 0.09201450939536582 0.057574885229011684
3 0.3258530353381343 0.8704413569491372 0.08593090546839947 0.09848335631278314
3 0.5669158409441754 0.899228799563643 0.0555128858335678 0.1409069559552128
3 0.5072204774108182 0.6462023302677232 0.07908685105056236 0.046968985318404266
3 0.69619242439221 0.284844169027742 0.06920099466924207 0.12121028469265617
3 0.6589303503395412 0.2878744261450584 0.05247108387008464 0.10605899910607415
3 0.5513266058813241 0.23560249087135043 0.07148234614185443 0.13484644172058
3 0.4836465121938236 0.17272465568703504 0.06996144516011285 0.08181694216754291
