3 0.32624184395390116 0.43331888937035434 0.10749731256718582 0.07333088897036766
3 0.21624459388515288 0.3449885003833206 0.09749756256093597 0.09666344455184828
3 0.22499437514062148 0.2716576114129529 0.10999725006874829 0.07666411119629346
3 0.1637459063523412 0.6249791673610879 0.057498562535936604 0.17666077797406754
3 0.21249468763280918 0.6349788340388653 0.0699982500437489 0.18999366687777075
3 0.31749206269843255 0.8633045565147829 0.12499687507812304 0.09333022232592247
3 0.49373765655858604 0.7383087230425652 0.10749731256718582 0.08999700009999667
3 0.5599860003499912 0.6833105563147895 0.044998875028124295 0.15999466684443853
3 0.5562360940976476 0.894970167661078 0.12249693757656059 0.08999700009999667
3 0.6524836879078023 0.7199760007999734 0.09999750006249844 0.11332955568147729
3 0.6762330941726457 0.4916502783240559 0.08749781255468614 0.10999633345555149
3 0.7187320316992075 0.3683210559648012 0.11249718757031074 0.10999633345555149
3 0.8162295942601435 0.34165527815739477 0.057498562535936604 0.16999433352221593
3 0.9224769380765481 0.44665177827405755 0.12999675008124797 0.07999733342221926
3 0.8062298442538937 0.7516416119462684 0.07249818754531137 0.16999433352221593
3 0.6212344691382715 0.19832672244258526 0.12249693757656059 0.08333055564814507
3 0.7774805629859254 0.14832838905369822 0.0699982500437489 0.10999633345555149
3 0.846228844278893 0.17832738908703044 0.08749781255468614 0.07666411119629346
3 0.6699832504187395 0.1199960001333289 0.08999775005624859 0.08666377787407087
3 0.5399865003374916 0.1316622779240692 0.11999700007499813 0.07666411119629346
