3 0.41453651369544686 0.5679886402271954 0.010494595283429034 0.047999040019199614
3 0.49099713647471555 0.5459890802183957 0.013493051078694472 0.04399912001759965
3 0.5307266757619826 0.4799904001919962 0.026986102157388944 0.03599928001439971
3 0.41453651369544686 0.4309913801723966 0.03448224164555254 0.021999560008799823
3 0.35756585358540355 0.3039939201215976 0.01948996266922535 0.03999920001599968
3 0.41678535554189594 0.2759944801103978 0.03298301374791982 0.01999960000799984
3 0.6371718564939056 0.3519929601407972 0.026986102157388944 0.023999520009599807
3 0.6101857543365167 0.33399332013359734 0.03298301374791982 0.027999440011199778
3 0.5742042847933314 0.374992500149997 0.029984557952654384 0.021999560008799823
3 0.4864994527818174 0.34799304013919724 0.02248841846449079 0.027999440011199778
3 0.4610125785220611 0.3609927801443971 0.031483785850287105 0.0499990000199996
3 0.3395751188138109 0.4369912601747965 0.03448224164555254 0.03399932001359973
