3 0.3328672882658494 0.40798327789390354 0.06574013203581448 0.03819417920708884
3 0.36481143693113954 0.37430295622947063 0.07777705761983686 0.03333310185345935
3 0.3189785279765928 0.4753439212227693 0.041666280867769745 0.049305213158241955
3 0.3055527263636448 0.5340240692772967 0.059258710567494745 0.043055256560718326
3 0.3523115526708086 0.5829820626245651 0.06018462792011185 0.04097193769487712
3 0.6453643947741224 0.5295102117346407 0.06481421468319738 0.018749869792570886
3 0.7828631216377626 0.26631759501670127 0.0342589420468329 0.04791633391434782
3 0.5185137174655791 0.2833313657544045 0.05555504115702632 0.07222172068249526
3 0.46944009777687246 0.43576086277178633 0.042592198220386845 0.057638488621606795
3 0.4268478995564856 0.4656217665155103 0.037036694104684215 0.06180512635328921
3 0.4259219822038685 0.4093721571377977 0.03888852880991843 0.054860730133818515
3 0.4842547754187461 0.5333296296553496 0.02407385116804474 0.0527774112679773
3 0.47406968453995796 0.7326338011541587 0.08148072703030527 0.04722189429240075
