3 0.3473086853383311 0.3608273195446743 0.08387832400623844 0.1549974167097215
3 0.6480911128294518 0.25082915284745255 0.05897694656688641 0.16833052782453625
3 0.6120496454830212 0.38332694455092414 0.10484790500779806 0.19666338894351762
3 0.6369510229223733 0.4291595140080999 0.07077233588026369 0.17833036116064732
3 0.6618524003617253 0.491658472358794 0.06290874300467884 0.12666455559074016
3 0.8315749465930984 0.5174913751437477 0.12188568957156524 0.07499875002083299
3 0.7843933893395892 0.20832986116898053 0.12974928244715012 0.08999850002499958
3 0.3459980865257336 0.5224912918118031 0.1467870670109173 0.07499875002083299
3 0.3492745835572273 0.7224879585340245 0.1743096420754643 0.08166530557824037
3 0.16841194741877563 0.7341544307594874 0.15858245632429457 0.09166513891435144
3 0.07339353350545864 0.6899885001916635 0.10484790500779806 0.12999783336944384
3 0.4180810212185948 0.3749937501041649 0.13368107888494254 0.1133314444759254
3 0.4456035962831418 0.3349944167597207 0.15465065988650215 0.049999166680555325
3 0.5497962018846411 0.5191580140330995 0.16120365394948952 0.09833169447175881
3 0.4246340152815822 0.6291561807303212 0.08387832400623844 0.10499825002916618
3 0.5163759321634055 0.5833236112731455 0.13892347413533243 0.09666505558240696
