8 0.10981946750950876 0.5029721079103795 0.16963982786021678 0.13916224329536192
8 0.22946018821092481 0.5158943162163774 0.0839270727308441 0.1689827240015109
8 0.32052999053588327 0.5944215820759031 0.14106890948375922 0.13121011510705552
8 0.5223121015696148 0.823045267489712 0.1446402742808164 0.14711437148366832
8 0.6428456634702951 0.6192719826643606 0.17856823985285977 0.09741357030675335
8 0.8106998089319833 0.507942188028071 0.10714094391171586 0.14910240353074491
8 0.7035588650202675 0.5198703803105306 0.1607114158675738 0.1610305958132045
8 0.5633827967357726 0.49402596369853485 0.12321208549847325 0.1928391085664301
8 0.44195639363582795 0.32305520764994733 0.1624970982661024 0.15705453171905132
8 0.537490401957108 0.3379654480030218 0.0785700255352583 0.11928192282459593
8 0.6258816806842735 0.3727560088268623 0.07321297833967251 0.15705453171905132
8 0.5232049427688792 0.11232381065982784 0.06785593114408671 0.13319814715413214
8 0.4267780932483349 0.050694817200453275 0.1535686862734594 0.08946144211844695
8 0.3098158961447117 0.14313830738951513 0.14106890948375922 0.1590425637661279
8 0.2517812181925323 0.29621677501441324 0.1392832270852306 0.1669946919544343
8 0.1392832270852306 0.3488996242619431 0.13214049749111623 0.15307846762489813
8 0.11696219710362316 0.8379555078427865 0.08749843752790129 0.15705453171905132
