8 0.689858863737052 0.5329475110801802 0.10126368642011772 0.13552617120252006
8 0.8839475960422776 0.6739679865206403 0.09282504588510791 0.12453756272664006
8 0.8976603869116685 0.5695762059997802 0.11181198708887999 0.08424599831508003
8 0.8839475960422776 0.4963188161605802 0.10548300668762263 0.09889747628292005
8 0.8660154849053817 0.32233251529248014 0.07383810468133584 0.11721182374272004
8 0.8691799751060104 0.1776491703600601 0.10126368642011772 0.17215486612212008
8 0.745764857281492 0.2307607779934801 0.09915402628636527 0.13918904069448007
8 0.7362713866796059 0.08607743306106004 0.06750912428007848 0.15017764917036006
8 0.7025168245395667 0.8369656789128603 0.09704436615261282 0.18680634408996008
8 0.6223497394569735 0.7508882458518004 0.0801670850825932 0.16116625764624007
8 0.5833210269825532 0.8772572433244203 0.09915402628636527 0.12820043221860006
8 0.4947153013649501 0.8296399399289404 0.09493470601886037 0.17948060510604008
8 0.4261513470179954 0.6245192483791803 0.088605725617603 0.12820043221860006
8 0.2974620788590958 0.6684736822827003 0.06750912428007848 0.18680634408996008
8 0.3206683403303728 0.8681000695945204 0.06328980401257357 0.1904692135819201
8 0.1888145819708445 0.9413574594337204 0.08649606548385055 0.10256034577488005
8 0.18143077150271092 0.7197538551701403 0.07594776481508829 0.19413208307388008
8 0.05696082361131622 0.7527196805977803 0.09282504588510791 0.12087469323468006
8 0.07911225501571698 0.5604190322698802 0.05696082361131622 0.1977949525658401
8 0.21413050357587393 0.4523643822570602 0.07805742494884074 0.10622321526684005
8 0.36602603320605054 0.31317534156258015 0.06961878441383093 0.13552617120252006
8 0.4968249614987026 0.2325922127394601 0.0400835425412966 0.11354895425076005
8 0.36075188287166937 0.1849749093439801 0.10126368642011772 0.11354895425076005
8 0.1845952617033396 0.1849749093439801 0.06539946414632603 0.10622321526684005
8 0.26370751671905657 0.15933482290026008 0.0801670850825932 0.07692025933116003
8 0.5717178962469146 0.4615215559869602 0.0843864053500981 0.12453756272664006
8 0.5664437459125335 0.6245192483791803 0.06961878441383093 0.19413208307388008
8 0.5063184321005886 0.12270612798066005 0.037973882407544145 0.09889747628292005
8 0.7963967004915509 0.37361268817992016 0.09071538575135546 0.12453756272664006
