10 0.1845952617033396 0.13572331164880425 0.3101200396616105 0.22464548134974494
10 0.5738275563806671 0.14430352100591254 0.4219320267504905 0.28548696588196754
10 0.8966055568447924 0.16146393972012918 0.15189552963017658 0.30108734653125535
10 0.17615662116832978 0.40326983978409076 0.33543596126663994 0.24180590006396158
10 0.5495664648425139 0.45241103882934747 0.36075188287166937 0.2558462426483206
10 0.8934410666441637 0.5155925804589632 0.10337334655387018 0.38220932590755213
10 0.8523026940359908 0.8377404408667571 0.2784751376553237 0.2277655574796025
10 0.5305795236387418 0.7098173195425969 0.33543596126663994 0.2277655574796025
10 0.18037594143583469 0.6575560443674826 0.33543596126663994 0.24180590006396158
10 0.1930339022383494 0.8900017160418714 0.2974620788590958 0.19812483424595562
